<?xml version="1.0"?>
<opencv_storage>
<calibration_Time>"Tue Mar  3 11:14:09 2015"</calibration_Time>
<nrOfFrames>50</nrOfFrames>
<image_Width>1280</image_Width>
<image_Height>720</image_Height>
<board_Width>9</board_Width>
<board_Height>6</board_Height>
<square_Size>20.</square_Size>
<FixAspectRatio>1.</FixAspectRatio>
<!-- flags:  +fix_aspectRatio +fix_principal_point +zero_tangent_dist -->
<flagValue>14</flagValue>
<Camera_Matrix type_id="opencv-matrix">
  <rows>3</rows>
  <cols>3</cols>
  <dt>d</dt>
  <data>
    1.0415330698345442e+03 0. 6.3950000000000000e+02 0.
    1.0415330698345442e+03 3.5950000000000000e+02 0. 0. 1.</data></Camera_Matrix>
<Distortion_Coefficients type_id="opencv-matrix">
  <rows>5</rows>
  <cols>1</cols>
  <dt>d</dt>
  <data>
    -2.2220150478298545e-01 -1.8683915097005864e-02 0. 0.
    -1.5194325833161604e-01</data></Distortion_Coefficients>
<Avg_Reprojection_Error>3.9028232599825952e+00</Avg_Reprojection_Error>
<Per_View_Reprojection_Errors type_id="opencv-matrix">
  <rows>50</rows>
  <cols>1</cols>
  <dt>f</dt>
  <data>
    5.40724182e+00 6.17927742e+00 7.05809641e+00 5.25639248e+00
    4.04033232e+00 4.66345692e+00 4.61379671e+00 4.28189850e+00
    4.92371500e-01 4.99969304e-01 4.72007066e-01 4.88421977e-01
    4.71034348e-01 4.66378242e-01 4.21232820e-01 4.41321731e-01
    1.12865913e+00 5.55067873e+00 7.64374113e+00 6.21844387e+00
    5.60017395e+00 4.80703163e+00 4.52103186e+00 4.60100508e+00
    4.91414595e+00 4.81984329e+00 4.72630739e+00 5.04510593e+00
    5.38429880e+00 6.80514669e+00 5.85620260e+00 5.72141504e+00
    9.52486813e-01 5.67751408e+00 5.98833704e+00 2.79293090e-01
    2.23736972e-01 2.40102619e-01 3.03974122e-01 3.21490556e-01
    3.54354620e-01 3.57725769e-01 3.02975655e-01 2.77664900e-01
    2.84598231e-01 3.25423539e-01 9.75474954e-01 9.44054902e-01
    1.04859507e+00 1.25698686e+00</data></Per_View_Reprojection_Errors>
<!-- a set of 6-tuples (rotation vector + translation vector) for each view -->
<Extrinsic_Parameters type_id="opencv-matrix">
  <rows>50</rows>
  <cols>6</cols>
  <dt>d</dt>
  <data>
    -4.2582806581615212e-01 -5.1907026570460806e-02
    -1.2909256926772883e+00 9.5916398526669514e+02
    5.6717734534948022e+02 1.5925863391187127e+03
    -2.3041782880987677e-01 -1.3090966159808737e-01
    -1.3054486791613222e+00 8.9408200696061181e+02
    5.1350595946019064e+02 1.5203914623569199e+03
    -1.5592932518066618e-01 -1.7303621764690694e-01
    -1.2114741622198995e+00 7.9169852337408122e+02
    4.6976054989251946e+02 1.4041565790103207e+03
    -6.8308399126615071e-02 -1.7669871585343933e-01
    -1.1942219243490126e+00 7.1206245176861717e+02
    4.5191582266104598e+02 1.3436440520210429e+03 6.6031567172949758e-03
    -1.0393071735460387e-01 -1.1989575253928668e+00
    6.4813258864428656e+02 4.2507641831963991e+02 1.2951394408726248e+03
    -2.2761493868166841e-02 -8.0146942000673863e-02
    -1.2236168955461679e+00 6.4479604124314687e+02
    4.1497389432845500e+02 1.2934608050469774e+03
    -1.7387217832757356e-02 -9.0646287477794005e-02
    -1.2905077743031113e+00 6.4884348925117683e+02
    3.8315676558694031e+02 1.2785474301717989e+03
    -1.9934699091614650e-02 -1.6551575487577952e-01
    -1.3648152475912090e+00 6.6931915781100054e+02
    3.5601499757094081e+02 1.2795587443819534e+03
    -5.3594711651919983e-03 -9.1227662803812018e-02
    -2.3111011888357393e+00 5.3005061723832011e+02
    -6.7719457919568299e+01 1.1577112133361265e+03
    -3.4775581310079497e-04 -9.1442324991573176e-02
    -2.3183155538772189e+00 5.2107818319365288e+02
    -6.5036897481347367e+01 1.1425021401284932e+03
    1.0594180295622199e-02 -9.5014525535478483e-02
    -2.3220484563058954e+00 5.1206246029267209e+02
    -6.0148727998030054e+01 1.1181143991787940e+03
    6.5294580834115955e-03 -9.0643390793750611e-02
    -2.3433765084832863e+00 5.1268610180001838e+02
    -5.6674242574413327e+01 1.1154161330282611e+03
    8.8593218497268721e-04 -9.1159738744195085e-02
    -2.3403633031614777e+00 5.1255753824274507e+02
    -6.0798430198084560e+01 1.1138409200486456e+03
    9.9320710445604220e-04 -1.0092649113211294e-01
    -2.3585626298885844e+00 5.1413654522202489e+02
    -7.2250442635274709e+01 1.1093312805448329e+03
    1.4440247494410636e-02 -1.2073316761080020e-01
    -2.4038368396064924e+00 5.2399784100169154e+02
    -8.3985836228681634e+01 1.1077052202677232e+03
    2.4191283348101965e-02 -1.3154967428084441e-01
    -2.4338216289612040e+00 5.3004488483184502e+02
    -8.9987346818218754e+01 1.1113658312077287e+03
    -7.6256791451036979e-03 5.0410923273562634e-02
    2.9247679058379883e+00 3.2353688090421763e+01
    -2.5004829064486182e+02 1.4201839577141484e+03
    -2.5224278900927771e-01 -8.3303825446257562e-01
    -2.9647172599022129e+00 1.3995969124479940e+01
    -1.6660882259276539e+02 1.3638082471909468e+03
    -4.4524153497001867e-02 3.2695185157425966e-01
    2.7071032559791712e+00 -1.3225859478363898e+02
    -3.0195671213212785e+02 1.5892703575282837e+03
    1.1207239996054300e-01 3.8922510093877261e-01 2.3895387340139322e+00
    -3.0337900040815288e+02 -3.6571630017319723e+02
    1.7047616790802774e+03 7.9518301147966750e-02 3.2653498001597692e-01
    2.3342999029175400e+00 -4.1432875251897804e+02
    -3.5918475204972822e+02 1.7661875019182028e+03
    1.1326770812874087e-01 3.1639723316295371e-01 2.2387256292724373e+00
    -6.7894414202333417e+02 -3.1296652352649812e+02
    1.9558182529643395e+03 -6.9943308420303885e-01
    -1.0866849078508967e+00 2.0404711818738335e+00
    -7.8851633773388221e+02 -3.1786228155181647e+02
    2.0950565664076557e+03 1.4251236174235912e-01 3.8100878919603631e-01
    2.2317484513530377e+00 -8.2980170189520584e+02
    -2.7368538858907760e+02 1.9942064253753633e+03
    1.6445161993926544e-01 4.0026791651334803e-01 2.2709304445459804e+00
    -8.0064066447047139e+02 -2.5661269023059560e+02
    1.9282998234811721e+03 1.1223296368872150e-01 5.2592623881179379e-01
    2.2167494021548642e+00 -8.0614381243829064e+02
    -2.6638562866410876e+02 1.9544199904294849e+03
    1.1884632476416412e-01 5.3978001195717673e-01 2.2202816648597055e+00
    -8.2987139311227736e+02 -2.7743781463636930e+02
    2.0021873814249036e+03 5.9571886160651170e-02 5.6263905833186567e-01
    2.2662729454257717e+00 -8.2034978385653949e+02
    -2.6081146252317836e+02 1.9476729968352945e+03
    4.6742904264526472e-02 5.2886994426507672e-01 2.2367354081191899e+00
    -8.1836799374748500e+02 -2.5452841248965709e+02
    1.9408567757066298e+03 1.1881485010710431e-01 1.9704084645612238e-01
    1.0695412025011337e+00 -5.3879149591352973e+02
    4.4062447596761587e+02 1.7936829285938190e+03 7.1052421291341004e-03
    2.6278785907880298e-01 1.1850883811409922e+00
    -4.3497944337867568e+02 2.4358332052159597e+02
    1.4916391112576009e+03 -9.4321792660508913e-02
    2.4932034451638460e-01 1.3854691029293662e+00
    -4.1772064226195783e+02 3.2929651353345656e+02
    1.4655396200226317e+03 2.1289809222021915e-02 9.6457852224523147e-02
    1.1132155672882704e+00 -4.3121658070861110e+02
    1.6644236149473267e+02 1.3822896474211771e+03
    -3.8194245729586199e-03 2.9399920314681066e-01
    1.1025935080515732e+00 -4.2803900193188497e+02
    2.6884192267935327e+02 1.4520062760550663e+03 2.2271214549494035e-02
    2.8442012391802357e-01 1.0198663817149187e+00
    -4.0794937926269489e+02 3.3861849275899090e+02
    1.5060206163461630e+03 -5.9168752698691129e-01
    -1.0692279016146795e-02 -6.7804171003310057e-02
    -7.4641641440113773e+01 3.1032118561045371e+02
    1.2482580676537307e+03 -5.8376323066509517e-01
    -8.7804358258273593e-03 -8.4020452311980229e-02
    -8.0808398338241020e+01 2.9228090584896421e+02
    1.2442984105923229e+03 -6.3438220476837603e-01
    -5.7034746641171016e-02 -2.4422418974332180e-01
    -1.3208121194496624e+02 1.4472000792726618e+02
    1.1925612692390978e+03 -6.6852629680583930e-01
    -3.5586081112034096e-02 -4.6497556475065155e-01
    -8.5509315418833921e+01 1.3777095838679153e+02
