%YAML:1.0
calibration_Time: "Tue Mar  3 11:47:33 2015"
nrOfFrames: 40
image_Width: 1280
image_Height: 720
board_Width: 9
board_Height: 6
square_Size: 20.
FixAspectRatio: 1.
# flags:  +fix_aspectRatio +fix_principal_point +zero_tangent_dist
flagValue: 14
Camera_Matrix: !!opencv-matrix
   rows: 3
   cols: 3
   dt: d
   data: [ 7.6477403290879261e+02, 0., 6.3950000000000000e+02, 0.,
       7.6477403290879261e+02, 3.5950000000000000e+02, 0., 0., 1. ]
Distortion_Coefficients: !!opencv-matrix
   rows: 5
   cols: 1
   dt: d
   data: [ -4.1416326622139787e-01, 2.5659985631788240e-01, 0., 0.,
       -7.8619272332821663e-02 ]
Avg_Reprojection_Error: 4.0556941020997321e+00
Per_View_Reprojection_Errors: !!opencv-matrix
   rows: 40
   cols: 1
   dt: f
   data: [ 4.30098116e-01, 7.19617844e-01, 3.20623279e+00,
       5.39560127e+00, 6.19182634e+00, 1.01688218e+00, 1.82898492e-01,
       1.48365545e+00, 3.08721185e+00, 4.82710552e+00, 3.95318604e+00,
       4.23505402e+00, 4.96027201e-01, 1.92459062e-01, 1.85463920e-01,
       2.85754323e-01, 7.21947372e-01, 2.19272152e-01, 4.29329515e-01,
       5.38005292e-01, 6.49161577e-01, 3.25947702e-01, 7.18052745e-01,
       1.97539717e-01, 4.48382705e-01, 3.66433191e+00, 1.64610887e+00,
       1.94906995e-01, 2.76812345e-01, 3.99213731e-01, 6.95329332e+00,
       7.58314991e+00, 4.98651552e+00, 7.01711273e+00, 7.16439152e+00,
       7.29306841e+00, 7.35647488e+00, 7.28707790e+00, 7.46339655e+00,
       6.58143044e+00 ]
# a set of 6-tuples (rotation vector + translation vector) for each view
Extrinsic_Parameters: !!opencv-matrix
   rows: 40
   cols: 6
   dt: d
   data: [ -8.9472667700508837e-02, -4.9353268286146124e-01,
       -2.0181069944321459e+00, 1.9214530787851507e+02,
       1.8985910719536469e+02, 8.7221865043724301e+02,
       -1.8438035590670659e-01, -6.0480438599438924e-01,
       -1.9761921203952497e+00, 2.0179501012442799e+02,
       1.3819554263871078e+02, 8.4797257723445102e+02,
       -3.7187929277499771e-01, -6.2707031585754180e-01,
       -1.9261585132590822e+00, 2.0411653418648538e+02,
       9.2085827725771111e+01, 8.5849156069132664e+02,
       -3.2475021991413133e-01, -7.1308628249752559e-01,
       -1.8769357927048023e+00, 2.0238032252487363e+02,
       3.4102478994752190e+01, 8.7474149353395887e+02,
       -1.6440654716164840e-01, -6.1088118372671707e-01,
       -1.7699969216787230e+00, 1.9842997568946998e+02,
       6.0156277245387981e+00, 9.0509521923927514e+02,
       2.1745350993677064e-02, -3.8140319637147130e-01,
       -1.5730759946691295e+00, 1.5714746883272926e+02,
       6.5052863068982711e+00, 8.8113677069759456e+02,
       2.9790596197685726e-01, -9.2440401183612547e-02,
       -1.5578511611301060e+00, 1.4996766691196544e+02,
       4.5227364664244483e+01, 8.9996777354193944e+02,
       4.1092372036665936e-01, 1.2495945538935441e-02,
       -1.6252233603473947e+00, 1.7051017873596658e+02,
       1.5351498492713532e+02, 8.8990877518294110e+02,
       4.1529727053715543e-01, 1.3552042868711551e-02,
       -1.6817163871916474e+00, 1.9987545487824636e+02,
       2.5510318594718143e+02, 8.7870116082340928e+02,
       4.2483263174946823e-01, 7.6229855886180933e-02,
       -1.9224295984623574e+00, 1.9644706467228309e+02,
       3.5708375593897142e+02, 8.8115564890031237e+02,
       4.0412034475936942e-01, 1.5851321175915211e-02,
       -2.0673121672813775e+00, 2.1248832748064564e+02,
       4.2021969577391252e+02, 8.8869261077249951e+02,
       2.8264500758852185e-01, -7.7884686625485255e-02,
       -1.8324288710345413e+00, 2.0886175743804458e+02,
       3.9322944637848974e+02, 8.6505387648642750e+02,
       3.4924796542692135e-02, -2.7498688298046919e-01,
       -1.8366210870912640e+00, 1.4309661228626649e+02,
       3.6478449652705103e+02, 8.4168412569932639e+02,
       -2.4701065667564689e-01, -4.2971207194984284e-01,
       -1.9544547321511034e+00, 3.9867540996821611e+00,
       3.0687798410496731e+02, 8.2301846992484184e+02,
       -9.7314987460109970e-02, -5.4323527316787912e-01,
       -1.7902939192099694e+00, -1.5089490052535609e+02,
       1.8848397909825474e+02, 7.8240241689023264e+02,
       -4.4738284119284100e-02, -5.6557785716136633e-01,
       -1.5363226707851445e+00, -2.6542788357833717e+02,
       3.1065999083694891e+01, 7.6653746717826004e+02,
       -3.8944733976183671e-02, 1.9462671093754641e-01,
       -1.3050955271297870e+00, -3.8384447551122815e+02,
       -8.1795390107001666e+01, 8.1365273608691814e+02,
       8.6753699612278717e-02, 2.3308013566827793e-01,
       -1.2639010014326029e+00, -3.8830388108366054e+02,
       6.5796691137410939e+00, 7.9547807638129041e+02,
       1.5181776749791129e-01, 1.7693203423400009e-01,
       -1.3217487835810129e+00, -3.8947718419515536e+02,
       1.3916157418682241e+02, 7.7999431731609707e+02,
       1.3218365061782014e-01, 1.2703891765503708e-01,
       -1.3852561012899225e+00, -3.8969771811268566e+02,
       2.1042596677489152e+02, 7.7065956791085500e+02,
       1.0751860487553243e-01, 7.3083457725146087e-02,
       -1.4622963780124483e+00, -3.8976443454071642e+02,
       2.7820540090365040e+02, 7.6263860002615115e+02,
       7.8350284657866337e-02, -3.3049668780305824e-02,
       -1.5646995315147361e+00, -3.8881587034126022e+02,
       3.8743157549198548e+02, 7.4633807648051925e+02,
       -3.4350600520925012e-01, -1.9474573141697513e-01,
       -1.8017694252224303e+00, 3.4631711754990278e+02,
       3.1607264265155118e+02, 8.5529348623528767e+02,
       -3.9268204338542040e-01, -5.3921354493119400e-01,
       -1.5504575891083356e+00, -1.1333685341906816e+02,
       3.2737299826714360e+02, 8.2211173034534920e+02,
       -1.7446142563525575e-02, -4.4322949089874986e-01,
       -1.4990330127821347e+00, -5.0422416384697243e+02,
       1.0859635181317846e+02, 8.1083706190771738e+02,
       -4.3217137766975849e-01, 1.6739000706156620e-01,
       -1.7553482615732376e+00, -5.3702477235273545e+02,
       3.9307512159175064e+02, 8.2375943044499934e+02,
       2.0435728125410356e-02, -9.7329140305576656e-01,
       -1.5376671002222813e+00, -5.6520294175265474e+02,
       1.9362696637540702e+02, 7.4366420364196335e+02,
       1.5786835607769889e-01, -4.4321207810029545e-01,
       -1.6344201433856160e+00, -6.0317431391183902e+02,
       1.4181284856583480e+02, 7.8011184796728617e+02,
       1.5125436753889372e-02, -5.2973349197252850e-01,
       -1.8776544812720584e+00, -4.0719744504730215e+02,
       3.3757592184194664e+02, 7.3758652085116751e+02,
       -4.2223342656731144e-01, 1.6208486581768367e-01,
       -2.1101406921177119e+00, 1.8488250258161020e+02,
       3.6886068566170832e+02, 8.8902367282274270e+02,
       -2.3680498810458223e-01, 3.3116727573096666e-01,
       1.1973617557024794e+00, -4.4371372088791566e+02,
       7.4328498689109779e+01, 1.1610067547344606e+03,
       6.9049411007110414e-02, -5.8608652727566468e-01,
       -1.3275316017007397e+00, -3.4698087840679506e+01,
       3.1727634172392311e+02, 1.0591404560126593e+03,
       -1.3790238368317216e+00, -4.1630233462161365e-01,
       -1.1969732927777998e+00, 8.6003641391670186e+01,
       4.6692128522225232e+02, 1.1047325355215389e+03,
       6.0353496923334982e-01, -7.0260125821351538e-01,
       -1.8319409829606312e+00, -1.9485579680235369e+02,
       -1.9932110087831441e+02, 1.1680030065633568e+03,
       1.1864359613064783e+00, -5.9923860299762666e-01,
       -2.4371321811532507e+00, -4.6959227656218025e+02,
       -3.6247800850438828e+01, 1.0652309175171210e+03,
       1.0893863679062787e+00, -6.3439046462868942e-01,
       -2.4237683796784886e+00, -5.1493729652445018e+02,
       -3.8921940967232722e+01, 1.0905657267744803e+03,
       3.1999882358739229e-01, 4.1654041380768836e-01,
       -2.4223554695911464e+00, -6.0160072638528038e+02,
       -5.3309544853167615e+01, 1.0804707529314394e+03,
       7.1135779901047047e-01, 3.2414824372747558e-01,
       -2.3687604151646937e+00, -6.3319989264359447e+02,
       -5.5177693346402044e+01, 1.1110654647925405e+03,
