%YAML:1.0
calibration_Time: "Tue Mar  3 11:36:59 2015"
nrOfFrames: 30
image_Width: 1280
image_Height: 720
board_Width: 9
board_Height: 6
square_Size: 20.
FixAspectRatio: 1.
# flags:  +fix_aspectRatio +fix_principal_point +zero_tangent_dist
flagValue: 14
Camera_Matrix: !!opencv-matrix
   rows: 3
   cols: 3
   dt: d
   data: [ 9.5887039524404270e+02, 0., 6.3950000000000000e+02, 0.,
       9.5887039524404270e+02, 3.5950000000000000e+02, 0., 0., 1. ]
Distortion_Coefficients: !!opencv-matrix
   rows: 5
   cols: 1
   dt: d
   data: [ -1.2069268487586791e+00, 2.8242737034832661e+00, 0., 0.,
       -2.4351452548456685e+00 ]
Avg_Reprojection_Error: 5.5786026623515239e+00
Per_View_Reprojection_Errors: !!opencv-matrix
   rows: 30
   cols: 1
   dt: f
   data: [ 2.85865259e+00, 4.62139750e+00, 5.76683187e+00,
       5.99844503e+00, 6.40891981e+00, 6.66648340e+00, 6.60824013e+00,
       4.49466419e+00, 4.12517977e+00, 2.89715481e+00, 3.15648246e+00,
       5.34277248e+00, 5.17140865e+00, 5.79763460e+00, 5.66844082e+00,
       6.13198233e+00, 7.22606897e+00, 7.94063616e+00, 6.07570124e+00,
       6.32484913e+00, 6.25559330e+00, 6.03374624e+00, 5.61651182e+00,
       7.22158146e+00, 7.31089449e+00, 9.79349017e-01, 8.93646061e-01,
       9.13873196e-01, 7.60590029e+00, 5.11352587e+00 ]
# a set of 6-tuples (rotation vector + translation vector) for each view
Extrinsic_Parameters: !!opencv-matrix
   rows: 30
   cols: 6
   dt: d
   data: [ 4.4644586993915707e-02, -1.6667784549106573e-01,
       -1.5589072387225018e+00, 7.2451517504761114e+02,
       7.2858891533007079e+02, 1.7387257985895828e+03,
       5.3984425188621239e-02, -2.5921717054193583e-01,
       -1.5590959485558171e+00, 7.0577151669599937e+02,
       5.9194047966273968e+02, 1.6300274765245938e+03,
       5.8476099191153187e-02, -2.3469254786961186e-01,
       -1.5678002510260067e+00, 6.8656503296997323e+02,
       5.1844280189246558e+02, 1.5910821285438467e+03,
       -1.1098167983557101e+00, 4.9605280349535441e-01,
       -1.4589852716185863e+00, 6.6002110293856879e+02,
       4.9302806353646270e+02, 1.5441667879781899e+03,
       1.7418170230375812e-02, -2.6740882157014728e-01,
       -1.5590989930481152e+00, 6.3457792104644534e+02,
       4.6339725434820804e+02, 1.4705642930712129e+03,
       1.5531896013526829e-02, 3.9255351659382864e-01,
       -1.5986079244298468e+00, 3.9214303894458067e+02,
       2.3808417986423126e+02, 1.1717200038861465e+03,
       1.6708205147850072e-01, 4.4299486238702707e-01,
       -1.4196640797874975e+00, 3.5365051535820305e+02,
       1.1935598190369943e+02, 1.2043289328497860e+03,
       2.6175578877849071e-01, 6.0755231862293724e-01,
       -1.3380427373028960e+00, 3.1690781252878401e+02,
       2.6490776670896697e+01, 1.1621129523995476e+03,
       3.4519447999877634e-01, 5.0559681651726529e-01,
       -1.2990560809847407e+00, 3.2144007399091993e+02,
       -2.6774855520407463e+00, 1.1617812163019053e+03,
       3.7320123581262882e-01, 5.1015442286607326e-01,
       -1.3023577413022440e+00, 3.2204229871457233e+02,
       -3.1894444238740448e+01, 1.1443954199935481e+03,
       4.4167802425552261e-01, 4.8194577138544287e-01,
       -1.3085490046723514e+00, 3.0820125685957396e+02,
       -9.8640725103510050e+01, 1.1198906566478136e+03,
       4.9928105131949541e-01, 5.7293350071729643e-01,
       -1.2804966898683356e+00, 2.9659763613375242e+02,
       -1.8851295514359450e+02, 1.1489283856679770e+03,
       4.2045448676600261e-01, 6.3408894066237975e-01,
       -1.1955969896554239e+00, 3.0266226078538085e+02,
       -2.3111706894418052e+02, 1.1813517682393885e+03,
       5.7210378182486554e-01, 4.4542491048734828e-01,
       -1.1885930185148985e+00, 3.1637004731213796e+02,
       -2.3754359803255764e+02, 1.1875098816158745e+03,
       6.9622097162012209e-01, 4.4117121898433864e-01,
       -1.1372562750011832e+00, 3.0711951001198463e+02,
       -2.3018416547564328e+02, 1.1536058061349249e+03,
       5.2740010202312626e-01, 3.2904493397728751e-01,
       -1.2773674353386386e+00, 2.9847282632559927e+02,
       -1.9904299628596718e+02, 1.1407229923722425e+03,
       -3.9461582699725894e-01, -9.1371776719021219e-02,
       -1.6589027377994690e+00, 3.1404271451524289e+02,
       -1.3883720805324697e+02, 1.1697088650529577e+03,
       -3.9914988406403429e-01, -2.4024034985228537e-01,
       -1.8228969759437317e+00, 3.3823598858425237e+02,
       -1.3919161742022951e+02, 1.1864437669645783e+03,
       -6.6817779149007861e-01, -4.3634327974369441e-01,
       -1.9266806309822333e+00, 3.3845285491810660e+02,
       -1.4606647424034395e+02, 1.2039923532047085e+03,
       -5.9202143951515118e-01, -5.7385105054519769e-01,
       -1.8926961177973591e+00, 3.2375874730638452e+02,
       -1.5503734379264199e+02, 1.1492654516759255e+03,
       -6.4902974296654270e-01, -5.2813519652935703e-01,
       -1.9134149615852385e+00, 3.3890366291900887e+02,
       -1.7253627898238869e+02, 1.1977051907594250e+03,
       -6.2623577559594146e-01, -7.0779860733912747e-01,
       -1.9185206293094497e+00, 3.4199040022271146e+02,
       -1.8303024943771209e+02, 1.1455497982792203e+03,
       -4.6597734466076651e-01, -8.2468694198710824e-01,
       -1.9612381056354418e+00, 3.6793676297787687e+02,
       -1.7127572746044177e+02, 1.1532047132174118e+03,
       -1.3210489881383547e-01, 8.0761096970518254e-01,
       -2.2449065040278944e+00, 3.6364499286606252e+02,
       2.3338813248658175e+02, 1.3155871405867608e+03,
       -3.5443595878328799e-01, -7.0301521277859669e-01,
       -2.0652965044580500e+00, 3.2522393488760900e+02,
       4.0463787375136656e+02, 1.1739317688991134e+03,
       -3.5286400037786526e-02, -1.9285842230967828e-01,
       -1.6331674733139605e+00, -6.2263085179438144e+02,
       3.8870758876625416e+02, 1.0056830552059254e+03,
       -5.4347868508897744e-02, -1.2300198028876583e-01,
       -1.6422240800743126e+00, -6.2711073882758933e+02,
       3.1725591475903212e+02, 9.7968819842686787e+02,
       -6.2835001187230843e-02, 3.6891134933411587e-04,
       -1.6974210462265014e+00, -6.1941352224804598e+02,
       2.5160504106786925e+02, 9.5191090389046246e+02,
       8.8309818276105900e-02, -2.6101099188685750e-01,
       -1.4696174484697679e+00, -8.6832094447765530e+02,
       -2.4475398935040661e+02, 1.2872246759413583e+03,
       -3.3183678509616488e-01, 3.1767808425054417e-01,
       -1.3403972057060258e+00, -6.9087727735790440e+02,
       -2.3765808795746057e+02, 1.1367152450729011e+03 ]
