<?xml version="1.0"?>
<opencv_storage>
<calibration_Time>"Tue Mar  3 10:47:21 2015"</calibration_Time>
<nrOfFrames>25</nrOfFrames>
<image_Width>1280</image_Width>
<image_Height>720</image_Height>
<board_Width>9</board_Width>
<board_Height>6</board_Height>
<square_Size>20.</square_Size>
<FixAspectRatio>1.</FixAspectRatio>
<!-- flags:  +fix_aspectRatio +fix_principal_point +zero_tangent_dist -->
<flagValue>14</flagValue>
<Camera_Matrix type_id="opencv-matrix">
  <rows>3</rows>
  <cols>3</cols>
  <dt>d</dt>
  <data>
    1.1211344802273659e+03 0. 6.3950000000000000e+02 0.
    1.1211344802273659e+03 3.5950000000000000e+02 0. 0. 1.</data></Camera_Matrix>
<Distortion_Coefficients type_id="opencv-matrix">
  <rows>5</rows>
  <cols>1</cols>
  <dt>d</dt>
  <data>
    2.2178293973743302e-01 -5.8714467763611093e+00 0. 0.
    1.5813611310980031e+01</data></Distortion_Coefficients>
<Avg_Reprojection_Error>3.8806287946334241e+00</Avg_Reprojection_Error>
<Per_View_Reprojection_Errors type_id="opencv-matrix">
  <rows>25</rows>
  <cols>1</cols>
  <dt>f</dt>
  <data>
    7.42141104e+00 7.22038746e+00 7.68554783e+00 7.28875685e+00
    7.53952980e+00 7.85240936e+00 4.55081606e+00 5.06532788e-01
    1.96522176e-01 1.56786597e+00 1.51411796e+00 7.47110963e-01
    1.67234743e+00 1.06299102e+00 2.66600490e+00 2.78392345e-01
    2.30414227e-01 2.50479788e-01 2.59472251e-01 3.36052209e-01
    3.78509849e-01 3.81277800e-01 3.72516662e-01 3.74646664e-01
    5.31514585e-01</data></Per_View_Reprojection_Errors>
<!-- a set of 6-tuples (rotation vector + translation vector) for each view -->
<Extrinsic_Parameters type_id="opencv-matrix">
  <rows>25</rows>
  <cols>6</cols>
  <dt>d</dt>
  <data>
    -7.9387379731043783e-01 -7.9015781459741841e-01
    1.4261372192796808e+00 -6.7241795080300176e+02
    1.4372799443222176e+01 1.6653724060764312e+03 3.5905913605533656e-02
    1.7353692117604036e-01 1.5262006236318217e+00
    -6.9550226088898182e+02 1.1055824350253985e+01
    1.7095990657698517e+03 1.1368912560828762e-01 1.4352718220634847e-01
    1.5190804133468585e+00 -6.7955052163062942e+02
    2.3462008667863352e+00 1.6531269738447922e+03 1.0145315941774430e-01
    4.6007403896798901e-02 1.5848125354581724e+00
    -6.4888095263717776e+02 3.3172261280080977e+00
    1.6018620942386281e+03 4.1790903724163248e-02 1.2468300687657823e-01
    1.5296787578807571e+00 -6.7507219474009389e+02
    1.7801837739664727e+01 1.6555318358482584e+03 1.6457550902023160e-01
    1.6504881818834491e-01 1.5796155536858778e+00
    -6.2308760400814231e+02 1.0072586925356111e+02
    1.5768582726283464e+03 2.3880077722675536e-01 3.9329554756301560e-01
    1.5219288664500590e+00 -2.4109096317876322e+02
    1.0440406420224994e+02 1.4479500348011072e+03 1.8816389315337734e-01
    2.4744045240540727e-01 1.5563907887639870e+00
    -1.6665653439233009e+02 8.8365697714401989e+01
    1.4338021601112373e+03 6.7156925668677578e-02 1.3720307768259418e-01
    1.7120741588660842e+00 -9.8115926231831523e+01
    9.8280574768153514e+01 1.4221432102823692e+03
    -5.2180207189921624e-01 5.6657494179638046e-01
    1.7438894730366936e+00 -3.9505811365722892e+01
    1.8431240037257803e+02 1.4351511164517572e+03
    -5.7218048717155356e-01 6.0279986986774170e-01
    1.7003500468571449e+00 -1.2096396995657063e+01
    2.1477853724423372e+02 1.4126575650362297e+03
    -5.4561372806971731e-01 6.2667279569933321e-01
    1.6663948255444310e+00 -4.6588231945490133e+00
    2.0904819235365088e+02 1.3997118281848075e+03
    -5.4816847404841251e-01 6.6869948808986335e-01
    1.6384856600664996e+00 -3.6345170005988563e+00
    1.9868862661930029e+02 1.3957148457298397e+03
    -5.2539030765575701e-01 6.2866393098342765e-01
    1.6365674738669416e+00 -2.9031267408588013e-01
    1.8730977172984092e+02 1.3911555106893786e+03
    -4.2399673263162319e-01 7.7990535157277618e-01
    1.5739205616854250e+00 1.0070043705313246e+01 1.6285525798856727e+02
    1.3745646908110780e+03 -1.7305734529581804e-01
    4.2662345326354945e-01 1.6322492305912870e+00 4.8382854639063993e+01
    8.4381942192848726e+01 1.3623983439146971e+03 3.6645118258846615e-01
    -6.3495568941776201e-02 1.5207928989719570e+00
    9.1440371274244370e+01 -7.4133234400816859e+00
    1.2609835637409356e+03 5.0477998714090466e-01
    -1.2221549147741204e-01 1.4327289069443874e+00
    1.2333310172390802e+02 -8.0247980485818161e+01
    1.2237640877362624e+03 5.2143594608289723e-01
    -5.0072666876518790e-02 1.4212697057940249e+00
    1.4206628423217754e+02 -9.3981707237842983e+01
    1.2214554360856648e+03 5.4933913914225074e-01
    -3.6189834538995561e-02 1.3891368445393877e+00
    1.5569849541604663e+02 -8.3316510351998261e+01
    1.2229935144306112e+03 5.9763218672723384e-01
    -8.9253824273671789e-02 1.3980222477135076e+00
    1.6191390395165263e+02 -7.4355283145230658e+01
    1.2207946601967521e+03 6.4953023360452844e-01
    -1.1810060209735122e-01 1.3884940883192547e+00
    1.6802323251600805e+02 -8.0393476888187934e+01
    1.2174865497908047e+03 7.3099022242878953e-01
    -1.6925195800167020e-01 1.3958272156546734e+00
    1.7764308649364352e+02 -9.3275879970151379e+01
    1.2120054429014713e+03 7.6670054432354795e-01
    -1.6372561115760878e-01 1.4195031922219912e+00
    1.9117574643568716e+02 -1.0052900382170907e+02
    1.2113721009419021e+03 7.7464402262846765e-01
    -1.8182763307229086e-01 1.4168411790388713e+00
    2.0789510117212211e+02 -1.0023143367784198e+02
    1.2140923694461862e+03</data></Extrinsic_Parameters>
