%YAML:1.0
calibration_Time: "Tue Mar  3 12:07:53 2015"
nrOfFrames: 40
image_Width: 1280
image_Height: 720
board_Width: 9
board_Height: 6
square_Size: 20.
FixAspectRatio: 1.
# flags:  +fix_aspectRatio +fix_principal_point +zero_tangent_dist
flagValue: 14
Camera_Matrix: !!opencv-matrix
   rows: 3
   cols: 3
   dt: d
   data: [ 1.5148407346906349e+03, 0., 6.3950000000000000e+02, 0.,
       1.5148407346906349e+03, 3.5950000000000000e+02, 0., 0., 1. ]
Distortion_Coefficients: !!opencv-matrix
   rows: 5
   cols: 1
   dt: d
   data: [ -2.0698033501549058e+00, 9.6448611626711713e+00, 0., 0.,
       -2.0765851606846589e+01 ]
Avg_Reprojection_Error: 5.2581979876510001e+00
Per_View_Reprojection_Errors: !!opencv-matrix
   rows: 40
   cols: 1
   dt: f
   data: [ 7.34529781e+00, 7.41316032e+00, 7.53446579e+00,
       7.56728172e+00, 7.52919960e+00, 7.35518932e+00, 7.72809362e+00,
       7.95741034e+00, 8.17046165e+00, 7.36715364e+00, 4.85701466e+00,
       2.18647766e+00, 1.95479453e+00, 1.30216408e+00, 1.34346759e+00,
       1.34348536e+00, 2.15272903e+00, 5.82760859e+00, 4.97991562e+00,
       5.47391319e+00, 4.41031885e+00, 4.84515876e-01, 5.27532458e-01,
       5.29024243e-01, 1.68153191e+00, 3.60095930e+00, 3.38881016e-01,
       2.65316939e+00, 4.79418468e+00, 5.28447866e+00, 5.33955193e+00,
       5.78338575e+00, 6.15345144e+00, 6.58938074e+00, 4.81115198e+00,
       6.29600668e+00, 6.70856714e+00, 5.45824480e+00, 1.11668599e+00,
       4.59449244e+00 ]
# a set of 6-tuples (rotation vector + translation vector) for each view
Extrinsic_Parameters: !!opencv-matrix
   rows: 40
   cols: 6
   dt: d
   data: [ 2.5794521066211426e-02, -5.3777029150022515e-01,
       -1.8968272240465460e+00, 3.4069642075499456e+02,
       3.4336991120891508e+02, 2.0615212235063250e+03,
       -6.9766677256788687e-02, -5.0010153022532100e-01,
       -1.8917266654320708e+00, 3.4647641506426044e+02,
       3.4733192328786089e+02, 2.1031668336251373e+03,
       -1.3893447103578710e-01, -5.9821247799730537e-01,
       -1.8480673516198833e+00, 3.3887858204530966e+02,
       3.3401841337335242e+02, 2.0442466476044572e+03,
       -7.2910723174212946e-02, -4.8138062919028218e-01,
       -1.8847895864388500e+00, 3.4913882535038374e+02,
       3.4246033148931764e+02, 2.1115118720531591e+03,
       -3.2294443337206924e-01, 2.7770254634807884e-01,
       -1.9702889410475022e+00, 3.6272995216033053e+02,
       3.5514956167471883e+02, 2.2121032913218351e+03,
       -1.4645861975265245e-01, -4.9479080400701481e-01,
       -1.8103983754781683e+00, 3.3047620424418841e+02,
       3.3854689097790128e+02, 2.0595950970055742e+03,
       -5.5947673174562906e-01, 4.5726961861442122e-01,
       -1.8585016732399990e+00, 3.2660192731251055e+02,
       3.5569902599186986e+02, 2.0808865041335839e+03,
       -3.0046687635848651e-01, -4.0366413668641538e-01,
       -1.6344793218561766e+00, 2.3459979559929889e+02,
       1.8583584951850750e+02, 2.0599656811787854e+03,
       9.5771725088838786e-02, 5.2212878869277379e-01,
       -1.6456850262988894e+00, 2.1790787288320843e+02,
       1.3985214686356110e+02, 2.1132204261737083e+03,
       1.8519974115128851e-01, 3.0625388650116780e-01,
       -1.6268814229580568e+00, 1.5725817397758473e+02,
       -4.5308100430599012e+01, 2.1896819046568821e+03,
       3.4875610603538082e-01, -3.7991600312921953e-02,
       -1.5279284732594429e+00, 1.1999215428046811e+02,
       -1.0231367292199589e+02, 2.0982196371436044e+03,
       2.8949272020680716e-01, 1.0213556850120306e-01,
       -1.5562294824556482e+00, 8.6918470336255808e+01,
       -1.0333052095588435e+02, 2.0569854591653339e+03,
       -2.3508240589060775e-01, 9.5158303530576915e-02,
       -1.6182966712328206e+00, 7.4200741637596408e+01,
       -3.5495638514888192e+01, 2.0797258771740321e+03,
       5.0900769516327361e-02, -2.2276754262007228e-01,
       -1.7021613854808093e+00, 5.4272363794666106e+01,
       1.1220445895608543e+02, 2.0326622787413430e+03,
       7.4303092531299549e-03, -3.2758332185268957e-01,
       -1.7791499059192741e+00, 3.2467276401083303e+01,
       2.6077562373202204e+02, 1.9530760848206594e+03,
       -3.8214704027429131e-01, 1.6370679220903961e-02,
       -1.8710911411894866e+00, 6.5500178202587191e+00,
       3.6829775941670903e+02, 1.8927832788857970e+03,
       4.6089489976405079e-01, -1.0611966940968547e-01,
       -1.6581248947855254e+00, -2.7340472860968879e+02,
       3.8877021092382392e+02, 1.7327236671441515e+03,
       -1.9208917803245440e-01, 2.9611310350413506e-01,
       -1.7991707814215410e+00, -6.1249009044596630e+02,
       4.5166693559200110e+02, 1.7668297677370806e+03,
       -7.9370780970525745e-02, -1.3698803985196492e-01,
       -1.6468077762580893e+00, -6.4756363894846800e+02,
       2.8367970520037566e+01, 1.7132159416718184e+03,
       -1.4010491364019104e-01, 1.9717868671473154e-01,
       -1.5870885265150450e+00, -6.4320882241856214e+02,
       2.9347021175854454e+01, 1.6953976650203381e+03,
       -8.1540267969471267e-02, 1.5695778284110176e-01,
       -1.5841146390807730e+00, -6.4045158041249454e+02,
       3.0267750966233418e+01, 1.6814791512791955e+03,
       2.7740180833357464e-01, -5.7468085010172726e-02,
       -1.5568554934101129e+00, -6.2620511746927173e+02,
       3.5268650311924041e+01, 1.6032730447179501e+03,
       1.4712918209478936e-02, -3.5710587498897928e-01,
       -1.6094928691834876e+00, -5.8612818062631209e+02,
       4.9229508326429617e+01, 1.4829273699688570e+03,
       1.7366647461799353e-01, -4.5456011009372649e-01,
       -1.6310501615870543e+00, -5.8192089202764305e+02,
       7.5258210942929708e+01, 1.5238023141330800e+03,
       7.1019614190780178e-01, -2.2239024263720367e-01,
       -2.8513749062759559e+00, 1.9306057952676002e+02,
       3.8050251847027897e+02, 1.6540384052080560e+03,
       7.7228573897214170e-01, -3.2821657882882199e-01,
       -2.8429675961111003e+00, 2.1381958259363486e+02,
       3.2461691736867937e+02, 1.7537361708738365e+03,
       4.4089241604891743e-01, -2.0909664393823899e-01,
       -2.8915146740417925e+00, 5.8854605361626795e+01,
       1.7935961312059882e+02, 1.9249193980839593e+03,
       -3.2573443132304464e-01, 2.6718893842942626e-01,
       3.0579726828914557e+00, 2.0337825023035992e+02,
       1.4213330613488185e+02, 2.0683413662761823e+03,
       7.6194201000398365e-01, -1.0055424435545079e-01,
       -2.9718694166400836e+00, 1.8856298716704362e+02,
       1.3279439863123744e+02, 2.0614529046880348e+03,
       9.4990952185198085e-01, -1.8052884389927262e-01,
       -2.8629874704855727e+00, 1.7308377118976847e+02,
       1.3269762496202046e+02, 2.0880508808127051e+03,
       1.0615133401993431e+00, -3.0038947115414938e-01,
       -2.7042719118883785e+00, 1.3597105730414609e+02,
       1.3678886035299695e+02, 2.1300260769512192e+03,
       1.0589255177465224e+00, -3.8633310601398380e-01,
       -2.6919798715276499e+00, 9.4815073022988244e+01,
       1.2639455738135170e+02, 2.1239325322671311e+03,
       7.5513916999599684e-01, 5.3916194324142275e-01,
       2.9201111698666500e+00, -1.6836401448796570e+02,
       4.8951584687345388e+01, 2.0399725086077794e+03,
       2.4564875920803433e-01, -1.0477086068727197e+00,
       -2.6392874116686635e+00, -5.2344445076681620e+02,
       -1.0724686784837095e+02, 2.0264920461787769e+03,
       -1.6922776831919431e-01, -1.3863310348076425e+00,
       -2.7475768980247719e+00, -1.4737132757219013e+02,
       -1.6657554401819874e+02, 1.9239229298808461e+03,
       2.3408078384152448e-01, -8.7504309839234673e-01,
       -2.8652185307461679e+00, -5.9875624110627520e+01,
       -1.0028464235138766e+02, 2.0623451425512885e+03,
       2.5870792820362731e-01, -7.9731214828032237e-01,
       -2.9006882250229582e+00, -5.4869950484532644e+01,
       -1.0554047814237273e+02, 2.1196722957178363e+03,
       -1.3221668442467185e-01, 1.1179807721829842e+00,
       2.9268094876486526e+00, 1.4276005179782453e+02,
       -4.1423374813879235e+01, 2.1262409693179784e+03,
